10
10
13
5
URUCHOM
1
20 82 119 47 17 19 83 119 45 16 17 69 99 49 19 15 56 77 39 16 16 75 97 46 17 17 75 105 49 19 17 63 85 38 14 12 35 41 24 8 8 30 25 16 6 8 35 29 26 10 26 34 56 65 28 29 26 48 58 25 22 17 30 33 14 
1
19 83 106 59 21 19 77 98 55 21 19 61 87 51 20 16 58 67 49 23 18 61 85 67 27 18 64 87 44 20 17 66 84 46 18 12 18 24 15 6 9 8 13 14 7 15 39 48 56 25 30 34 60 72 32 39 28 52 67 25 13 20 24 27 13 
1
17 81 99 48 20 19 83 105 58 23 19 72 92 55 22 15 66 81 51 23 21 66 88 66 27 18 61 73 39 18 15 52 61 32 13 9 19 28 22 9 18 7 15 21 8 19 37 53 60 29 41 33 61 75 32 36 25 47 54 22 13 22 23 27 12 
1
18 80 109 55 20 21 77 109 48 16 20 72 106 46 16 15 64 85 47 17 15 60 75 46 18 16 67 86 48 21 16 72 95 51 20 16 60 77 46 15 16 30 37 30 10 18 13 20 24 10 21 26 34 43 18 23 32 46 55 24 12 13 23 27 12 
1
16 71 91 48 17 17 68 92 43 16 17 63 87 42 16 17 64 83 53 20 16 64 80 55 22 15 70 90 53 21 16 77 100 52 19 16 67 86 45 16 15 40 51 31 11 18 18 25 24 8 20 25 28 34 13 23 36 48 53 24 13 18 30 33 15 
1
17 77 96 51 19 18 69 85 43 15 19 61 79 40 14 18 65 85 47 18 15 64 76 45 19 15 73 88 47 21 17 83 107 51 21 17 77 101 51 19 17 65 81 43 16 14 35 44 25 9 11 12 18 17 6 15 24 31 37 17 8 20 24 30 14 
1
18 73 102 58 20 19 70 98 48 16 18 68 94 47 16 16 64 86 49 19 15 65 85 48 20 16 76 98 51 21 17 76 100 55 20 16 52 72 46 16 14 22 34 28 9 11 10 19 23 8 17 24 41 47 20 23 31 54 62 28 11 12 23 29 12 
1
16 84 114 48 14 19 82 113 45 15 19 81 117 51 16 15 64 90 46 17 15 53 67 36 16 16 65 90 47 21 16 61 84 50 19 15 40 50 35 11 11 15 17 21 7 14 21 29 36 14 30 34 55 69 27 38 25 48 65 26 20 12 25 34 12 
1
16 81 104 53 19 16 70 92 48 15 19 61 83 45 15 15 58 78 45 16 15 64 81 46 19 16 82 105 57 23 15 68 87 45 16 14 39 46 28 9 12 16 24 22 6 14 22 31 35 13 24 36 52 66 29 33 30 55 70 30 22 19 32 43 16 
1
16 81 110 55 21 16 76 109 60 21 16 65 93 55 20 16 54 71 45 17 16 58 75 44 17 15 71 93 52 21 14 62 85 49 18 13 33 41 28 12 12 9 13 17 9 18 17 27 37 16 35 34 54 76 31 42 28 51 72 29 22 15 26 34 15 
17 142 79 430 105 845 52 444 19 220 18 157 76 595 102 1074 49 618 17 303 18 125 67 648 94 1128 48 507 17 263 16 103 61 432 80 713 47 384 19 263 16 193 63 575 81 837 50 988 20 397 16 114 70 636 92 954 49 501 21 135 16 105 68 917 89 1279 47 703 18 266 14 249 44 1967 57 2585 34 1236 12 423 13 336 24 1804 31 2142 24 879 9 300 15 351 25 1078 32 1176 35 1348 14 730 26 886 29 748 46 1483 56 2006 24 896 30 886 28 378 48 670 59 1033 25 374 16 532 17 361 26 340 32 492 14 151 
DOM
1
67 108 137 128 70 95 92 154 170 79 98 73 133 160 67 80 63 104 126 48 47 53 70 70 25 21 45 42 25 10 8 37 25 12 3 1 18 10 6 1 0 3 1 0 0 0 0 0 0 0 0 0 0 0 0 0 0 0 0 0 0 0 0 0 0 
1
50 105 162 135 63 81 105 185 175 77 82 77 144 145 63 52 61 100 97 41 22 47 47 35 16 18 44 30 14 10 16 44 34 19 11 7 36 28 20 9 1 11 9 8 4 0 1 1 3 2 0 0 2 2 2 0 8 6 2 2 0 8 4 2 2 
1
72 85 153 146 60 80 70 128 142 54 72 69 117 130 51 51 69 99 96 40 28 65 68 48 23 17 62 51 24 15 17 62 49 23 15 13 52 41 21 13 4 28 20 11 6 0 6 4 3 2 0 0 2 2 2 0 0 1 1 1 0 0 0 0 0 
1
80 96 180 163 62 91 87 169 160 59 73 68 117 113 37 42 59 73 60 21 21 55 49 28 12 18 55 45 20 12 19 56 51 22 12 15 55 51 24 11 6 37 34 17 8 0 12 9 5 3 0 2 1 1 2 0 0 0 0 1 0 0 0 0 0 
1
52 116 178 136 70 69 86 160 153 62 66 74 140 140 53 46 63 94 85 36 16 53 44 21 11 17 57 47 21 17 18 61 52 24 17 16 57 49 29 16 2 19 10 6 3 0 2 1 2 1 0 1 1 1 1 0 1 2 2 2 0 1 2 2 2 
1
64 110 174 144 71 74 92 190 167 71 72 69 127 127 57 63 61 101 105 39 17 45 42 26 10 19 52 42 21 13 20 49 43 21 13 8 45 37 21 10 0 6 6 4 2 0 1 2 2 2 0 2 2 2 2 0 2 2 2 4 0 2 2 4 4 
1
64 91 155 147 63 85 88 166 176 68 81 69 132 141 53 54 57 92 87 33 27 44 55 39 17 21 39 37 17 8 20 46 37 17 8 17 48 39 20 10 7 34 26 13 8 1 10 7 4 3 0 0 1 0 0 0 0 0 0 0 0 0 0 0 0 
1
64 99 144 129 70 90 84 155 163 73 94 66 132 154 60 67 60 100 102 39 23 39 51 40 17 18 43 39 18 10 20 46 42 20 12 15 40 45 26 13 3 20 18 9 5 0 4 3 1 1 0 0 0 0 0 0 0 0 0 0 0 0 0 0 0 
1
49 95 148 120 55 76 92 170 171 72 79 65 128 148 57 65 63 97 89 38 26 50 47 30 15 19 47 42 19 12 24 58 61 33 20 11 49 43 27 13 1 16 11 9 3 0 1 2 2 1 0 0 1 1 1 0 0 1 1 3 0 1 3 1 4 
1
59 104 177 142 64 69 82 167 155 59 63 79 159 157 57 38 62 96 85 34 15 48 36 23 10 16 51 45 21 12 18 57 59 34 18 18 49 48 31 16 0 15 9 6 3 0 1 2 1 1 0 1 1 1 2 0 1 1 2 2 0 1 1 1 2 
62 990 101 943 161 1567 139 1216 65 531 81 917 88 893 164 1726 163 1083 67 845 78 1129 71 465 133 1256 142 1472 56 810 56 1287 62 319 96 868 93 1702 37 697 24 922 50 717 51 1084 36 1461 16 521 18 165 50 715 42 579 20 323 12 264 18 414 52 834 45 1130 22 672 13 500 12 536 45 1140 39 1223 22 698 11 432 2 255 19 1128 14 1001 8 476 4 257 0 32 4 421 3 285 2 149 2 97 0 0 1 84 1 74 1 82 1 92 0 0 1 249 1 183 1 94 2 135 0 0 1 245 1 148 1 133 1 165 
POCZ¥TEK
1
11 18 33 28 12 28 47 81 68 32 23 44 69 60 31 33 22 33 29 22 56 30 44 44 30 56 52 85 87 41 47 56 91 93 38 32 47 63 59 25 14 38 38 26 11 5 33 31 16 8 16 42 46 34 23 32 48 60 46 42 22 34 44 31 33 
1
20 65 73 62 30 43 71 100 90 42 23 48 65 55 28 26 13 19 16 15 86 18 28 36 31 67 59 83 103 48 53 50 86 100 41 31 37 58 56 24 9 27 28 21 7 1 19 12 6 1 2 17 15 9 4 20 38 46 41 29 37 37 54 51 46 
1
35 45 75 81 33 47 51 89 103 43 23 27 41 47 23 22 12 14 14 14 38 30 29 32 22 52 50 73 91 39 54 48 79 90 33 34 42 56 50 17 11 34 33 24 8 4 30 22 12 4 11 36 36 27 15 38 46 65 57 46 38 35 53 47 44 
1
66 61 108 126 50 52 46 77 96 39 20 24 32 41 17 13 8 10 11 9 41 18 34 37 26 56 48 80 90 42 55 56 96 109 41 40 44 69 72 26 18 35 40 33 13 5 24 23 13 6 11 24 28 20 16 23 31 49 41 35 14 18 28 25 21 
1
62 63 123 143 54 47 40 79 99 40 15 17 30 36 17 2 7 10 9 8 16 24 32 37 24 45 49 74 94 41 62 53 94 117 46 46 44 65 64 24 20 34 37 29 7 4 25 21 12 3 8 22 27 20 11 24 30 52 45 32 25 27 45 40 30 
1
54 59 101 90 42 44 52 83 69 33 18 31 46 36 17 15 8 12 11 11 39 30 37 40 30 47 57 78 91 42 60 47 86 107 45 45 41 59 57 23 23 37 43 35 11 5 28 25 18 5 5 23 19 17 9 19 33 45 45 33 29 34 52 51 39 
1
34 72 117 91 34 28 58 98 75 27 14 29 46 36 15 27 7 13 13 14 72 19 32 41 32 76 47 77 94 46 56 56 97 114 43 41 46 75 72 27 15 39 47 31 11 4 30 27 14 6 6 27 29 21 13 12 31 44 41 27 8 17 26 24 17 
1
44 59 104 88 39 38 51 82 71 34 20 31 48 44 22 24 8 11 12 12 60 28 36 37 27 61 56 80 81 37 56 48 85 97 38 47 44 62 54 22 23 38 43 31 11 4 28 23 13 6 5 25 22 15 10 20 30 45 43 35 31 31 53 51 42 
1
37 62 98 80 35 32 56 90 71 31 19 36 50 43 20 29 8 11 13 13 57 30 35 39 31 39 56 73 84 40 55 46 80 92 37 43 44 61 54 19 23 37 39 30 8 6 26 19 12 4 4 31 31 21 13 23 47 64 53 38 29 31 53 48 35 
1
48 59 99 107 42 48 44 85 86 34 24 28 48 46 20 17 9 13 12 12 38 26 37 42 31 41 55 79 96 43 58 47 79 105 40 43 41 56 52 19 17 32 36 25 7 2 22 18 12 4 5 26 27 22 10 23 44 59 54 32 27 31 51 48 34 
41 1743 56 1505 93 2640 90 3198 37 1162 41 871 52 871 86 778 83 1356 36 523 20 348 32 916 48 1233 44 810 21 516 21 916 10 461 15 698 14 560 13 386 50 2003 25 521 34 460 38 344 28 344 54 1173 53 423 78 408 91 626 42 321 56 409 51 414 87 690 102 945 40 391 40 587 43 287 62 600 59 786 23 331 17 506 35 360 38 542 28 438 9 222 4 149 26 417 22 520 13 312 5 195 7 422 27 727 28 873 21 669 12 504 23 715 38 769 53 833 47 593 35 578 26 939 30 690 46 1055 42 1094 34 948 
DZIÊSIEÆ
1
151 74 80 45 71 119 88 117 80 104 79 57 89 65 84 47 31 40 26 38 213 12 14 15 37 184 5 7 14 38 55 27 35 24 35 33 27 37 27 33 9 17 18 11 14 0 8 7 3 4 0 1 2 1 3 21 2 3 6 13 50 2 6 8 22 
1
38 59 67 39 53 76 70 95 61 85 64 54 81 53 66 42 33 44 25 38 88 12 16 12 29 131 4 6 10 29 75 32 42 27 37 53 46 57 38 51 39 48 48 31 47 18 53 40 19 22 8 47 33 13 8 10 20 15 7 7 64 6 8 8 20 
1
80 64 88 44 53 54 67 106 62 70 53 45 72 46 51 11 37 44 27 17 107 5 8 11 24 164 4 7 11 22 35 27 23 15 22 55 49 67 44 59 63 48 49 34 51 21 53 39 23 28 10 55 47 19 9 5 37 33 15 6 51 7 6 7 18 
1
82 63 82 43 61 54 62 102 60 69 44 52 82 53 52 35 34 47 30 26 102 7 8 11 28 173 4 7 12 31 93 15 21 17 31 46 48 65 43 53 55 45 50 37 51 36 47 41 22 31 7 47 36 14 8 7 31 24 11 8 7 4 3 4 9 
1
58 78 88 45 61 42 65 107 65 59 37 46 78 51 43 14 30 30 19 13 141 7 11 13 33 201 5 9 16 39 72 35 37 24 32 54 47 70 48 57 61 35 45 39 56 30 33 36 27 38 10 31 31 18 15 9 24 19 10 11 0 13 10 4 3 
1
50 75 106 55 62 46 65 107 66 56 39 44 82 51 43 33 30 42 26 27 106 10 9 9 27 165 5 8 12 33 85 17 24 22 39 52 51 68 50 58 56 44 48 39 54 34 42 41 24 34 7 33 29 11 9 11 24 20 10 9 22 4 3 6 16 
1
37 62 77 42 53 55 59 86 49 57 46 48 69 41 45 26 34 38 18 21 77 10 13 11 18 136 4 7 11 23 67 35 47 29 35 56 49 70 44 53 58 43 59 41 52 34 44 48 28 38 13 54 48 21 17 5 44 37 16 7 56 16 14 9 16 
1
53 84 88 50 64 55 81 116 67 71 44 52 91 56 54 21 37 50 29 31 58 18 18 10 19 91 5 8 10 24 55 27 37 24 32 49 48 65 44 50 65 49 61 44 58 41 48 49 29 38 11 44 38 17 15 7 25 21 10 7 3 3 2 3 4 
1
88 66 84 44 51 41 57 93 59 61 44 49 75 47 48 17 40 46 27 20 94 7 11 12 28 134 5 8 14 31 34 52 69 38 38 59 45 66 51 52 79 41 52 39 56 21 40 41 23 32 12 45 40 17 9 2 24 20 9 6 34 6 7 7 14 
1
41 59 67 37 48 47 58 83 54 62 42 51 76 47 57 22 35 47 26 24 145 11 16 15 28 166 4 8 13 31 58 47 61 35 38 49 49 70 44 54 54 50 57 39 54 28 43 42 24 31 9 34 30 12 10 1 10 11 8 9 61 4 7 10 22 
68 3475 68 871 83 1136 44 513 58 717 59 2333 67 1013 101 1168 62 830 69 1495 49 1299 50 416 80 698 51 655 54 1258 27 1207 34 328 43 573 25 389 26 834 113 4387 10 373 12 357 12 197 27 574 154 3172 4 53 8 85 12 195 30 584 63 1944 31 1168 40 1592 26 717 34 504 51 726 46 685 64 1008 43 685 52 732 54 1870 42 985 49 1200 35 929 49 1280 26 1184 41 1308 38 1170 22 738 30 1031 9 365 39 1577 33 1288 14 568 10 419 8 565 24 1209 20 983 10 319 8 226 35 2504 6 453 7 360 7 232 14 693 
JEDEN
1
38 95 81 39 56 56 91 112 57 74 67 64 101 70 76 53 46 79 66 58 20 29 43 33 24 4 28 38 28 20 33 45 66 62 52 54 43 60 62 54 30 34 35 31 26 9 31 22 12 11 8 29 22 10 8 3 25 18 8 5 0 11 7 3 2 
1
35 75 71 33 46 69 106 122 64 86 82 78 114 72 86 60 61 86 62 65 25 45 54 33 32 5 29 33 18 13 22 37 50 35 30 49 47 64 53 50 37 43 47 38 37 17 36 28 17 19 6 20 15 6 6 1 4 3 1 1 0 0 0 0 0 
1
27 48 48 25 33 67 82 102 57 73 66 56 86 58 71 34 42 62 42 48 8 23 31 17 18 12 28 38 26 25 46 48 72 58 60 61 47 68 57 63 33 50 51 33 35 12 55 43 19 17 12 58 47 21 15 6 45 32 16 9 0 16 9 5 3 
1
42 86 78 38 50 71 86 98 58 79 74 59 81 58 70 41 44 67 48 49 11 30 43 23 15 6 19 23 13 12 35 47 66 47 47 60 43 66 59 59 40 45 49 38 37 10 47 38 15 12 11 46 40 15 11 9 36 29 11 6 0 15 9 3 1 
1
31 66 71 36 44 61 80 109 57 72 63 55 86 65 68 55 44 72 56 52 13 21 32 23 16 3 20 23 13 10 41 43 68 58 50 74 40 67 63 60 38 42 46 40 37 14 45 38 19 15 10 49 41 18 11 5 38 32 15 8 1 17 10 5 2 
1
32 53 55 31 42 75 87 107 66 85 79 61 97 71 77 53 50 75 57 52 16 28 37 25 19 7 27 44 28 21 41 46 66 53 51 55 47 57 50 53 26 45 44 28 28 12 45 33 15 13 12 44 30 16 11 6 31 20 11 7 0 11 6 3 3 
1
32 82 78 36 39 52 81 114 57 65 54 57 94 63 62 45 46 73 58 49 14 27 32 21 16 1 11 13 8 5 32 43 60 49 43 61 50 61 52 56 29 50 49 35 40 11 59 47 22 18 9 63 45 18 13 10 58 43 20 13 2 14 10 5 3 
1
47 66 77 45 59 68 54 79 58 70 64 45 70 62 59 34 36 52 43 35 6 17 17 13 9 4 17 21 14 10 24 49 69 54 45 52 58 81 73 63 58 48 64 59 55 35 41 47 34 32 14 38 38 17 14 10 34 31 11 9 6 23 19 8 5 
1
34 76 81 39 43 47 72 94 54 62 52 43 69 54 55 37 41 61 45 41 10 31 35 19 17 8 36 38 26 23 37 54 69 61 55 58 49 65 64 60 52 44 54 48 44 27 39 42 27 24 10 35 32 12 11 10 35 34 14 10 5 18 18 8 5 
1
27 78 93 40 46 54 78 107 58 69 60 52 78 55 60 37 52 73 44 40 10 27 32 16 11 4 41 41 26 19 44 52 72 60 56 60 48 66 58 59 36 51 55 39 40 15 39 35 18 17 11 35 29 12 10 9 36 28 11 8 2 17 11 5 4 
34 635 72 1450 73 1312 36 551 46 769 62 935 82 1334 104 1199 59 360 74 788 66 988 57 989 88 1415 63 661 68 961 45 965 46 688 70 979 52 871 49 880 13 576 28 745 36 975 22 670 18 650 5 306 26 902 31 1039 20 759 16 665 36 802 46 486 66 655 54 827 49 841 58 685 47 489 66 645 59 681 58 432 38 1010 45 505 49 762 39 895 38 809 16 836 44 849 37 808 20 648 18 627 10 226 42 1305 34 1022 14 448 11 267 7 321 34 1379 27 1096 12 509 8 320 2 222 14 609 10 551 4 242 3 162 
LUSTRO
1
17 78 77 41 31 20 90 88 43 29 21 82 92 43 24 27 56 63 32 20 58 23 29 32 34 97 11 18 38 45 70 8 14 32 36 16 12 16 17 20 15 44 58 36 34 29 48 67 54 36 37 41 66 71 32 32 32 55 65 28 12 15 25 30 12 
1
14 91 93 44 29 16 91 101 51 28 16 63 71 41 17 28 30 29 21 13 73 12 14 25 28 110 8 14 32 42 75 9 15 28 33 18 21 27 22 21 16 47 62 41 35 31 49 71 56 41 38 44 72 74 35 35 35 64 72 28 18 18 31 35 13 
1
16 74 75 35 22 19 88 93 48 23 23 78 86 47 21 38 51 46 28 19 80 24 23 29 34 110 15 24 34 42 61 14 21 27 31 12 18 24 21 19 14 40 54 33 29 31 51 72 54 40 32 47 72 71 33 28 35 55 65 25 14 18 27 31 11 
1
21 79 69 35 24 18 71 59 33 19 12 52 43 25 12 29 52 47 27 18 74 25 31 38 36 94 26 43 52 45 37 22 34 34 27 4 14 22 15 14 21 55 78 53 46 31 52 71 57 44 45 48 75 80 37 35 37 63 70 30 14 19 31 34 15 
1
17 92 96 43 25 20 98 123 57 27 21 77 87 41 17 26 50 47 23 13 61 16 17 23 29 109 15 22 33 46 78 12 15 26 44 10 14 16 12 15 13 40 52 35 27 28 49 69 54 34 37 44 66 70 32 28 35 55 63 30 12 17 25 31 15 
1
22 84 76 35 29 23 96 115 55 31 23 83 116 62 31 25 81 98 45 19 36 21 26 30 25 53 7 12 20 23 39 10 14 26 25 2 14 16 13 12 31 52 73 46 48 35 48 84 75 39 39 33 61 70 34 32 31 51 62 27 1 10 10 10 4 
1
16 81 84 40 25 20 86 110 53 27 22 82 111 60 29 21 62 69 34 16 26 27 24 15 17 68 10 12 21 30 85 6 12 21 34 20 15 22 17 24 24 51 71 47 43 28 43 61 50 33 33 36 62 69 32 31 34 61 64 28 20 22 32 33 15 
1
24 81 81 43 39 20 86 88 47 29 20 74 80 43 22 28 51 52 32 19 58 27 29 30 30 91 12 24 34 42 69 8 22 27 32 24 15 27 21 22 14 38 52 32 27 26 51 71 57 36 36 43 70 80 36 36 28 55 73 28 14 9 21 28 10 
1
16 74 80 40 23 20 90 115 58 27 19 65 80 40 16 25 44 49 24 15 56 20 23 23 25 77 15 24 29 34 37 20 27 25 26 14 42 49 34 25 23 46 63 44 32 35 43 74 70 35 46 35 63 79 34 40 26 50 66 28 16 12 24 30 12 
1
16 76 76 35 24 16 79 87 48 26 17 78 92 54 29 26 49 53 34 23 56 21 24 28 32 90 11 22 33 41 54 10 21 25 29 10 24 34 22 21 24 50 72 46 37 28 39 63 54 33 32 34 65 76 33 30 31 58 69 30 19 18 32 38 16 
18 325 81 638 81 833 39 375 27 511 19 210 88 786 98 1892 49 744 27 341 19 350 73 1018 86 2039 46 1085 22 641 27 437 53 1298 55 1839 30 702 18 321 58 1663 22 477 24 531 27 622 29 564 90 1900 13 537 22 901 33 892 39 756 60 1791 12 530 20 695 27 367 32 562 13 688 19 891 25 1014 19 631 19 432 20 599 46 576 64 952 41 702 36 764 30 301 47 424 70 631 58 794 37 373 38 488 40 556 67 478 74 442 34 175 33 380 32 347 57 474 67 384 28 155 14 535 16 421 26 675 30 760 12 353 
SZAFA
1
206 17 10 21 52 232 7 12 25 65 125 66 73 68 52 55 43 70 88 56 63 29 52 80 48 29 22 37 52 23 0 4 3 7 3 0 1 2 2 1 10 34 40 42 23 55 38 63 83 44 39 28 44 60 31 21 22 27 34 19 1 9 7 9 5 
1
149 9 8 17 43 184 6 8 18 52 148 37 49 44 52 79 36 63 75 51 57 30 54 83 44 22 20 31 46 22 3 5 9 13 7 0 0 1 2 1 14 29 40 43 20 42 39 62 82 41 50 37 59 86 42 47 34 48 70 38 13 18 18 23 13 
1
180 5 9 18 48 256 5 14 27 68 98 53 78 84 70 73 47 81 114 62 60 34 60 88 40 12 13 19 29 12 0 2 4 6 3 0 0 1 2 2 29 30 44 53 28 50 37 56 77 39 46 35 47 69 35 14 23 22 33 17 1 8 5 9 6 
1
182 5 8 20 50 178 16 26 31 51 77 49 74 71 52 63 31 57 81 45 67 26 47 82 40 37 21 32 52 23 1 10 7 9 4 0 3 2 3 3 2 8 12 13 7 18 36 52 57 27 49 38 66 87 42 48 32 52 80 38 43 22 35 56 30 
1
196 6 11 23 55 170 22 32 36 57 102 44 64 65 49 53 35 60 82 45 52 27 45 72 40 40 27 40 63 32 12 16 20 31 12 0 5 4 6 3 3 14 17 18 10 24 33 47 54 28 50 31 53 79 37 49 23 41 65 31 32 12 24 36 18 
1
196 6 9 19 47 213 6 9 19 48 55 51 69 69 44 44 32 51 74 41 53 34 55 88 45 31 26 42 60 29 0 9 6 10 6 0 2 3 6 6 5 30 22 22 13 46 39 64 83 42 61 29 49 81 39 52 32 52 87 42 12 16 18 26 13 
1
184 6 10 22 53 193 14 21 25 52 125 44 60 51 51 66 44 70 81 52 62 24 42 67 36 31 17 30 43 22 0 6 6 8 5 0 0 1 3 3 8 9 18 22 12 41 40 65 82 40 57 36 60 86 46 49 31 48 70 37 15 18 22 31 14 
1
189 5 9 20 54 201 10 11 20 54 114 32 31 34 49 47 49 69 83 42 48 33 50 83 40 28 29 41 64 26 0 11 6 9 5 0 9 8 8 6 13 31 35 37 22 47 36 66 84 41 48 29 53 76 36 42 27 45 62 30 15 16 24 31 15 
1
179 7 10 21 51 222 6 13 27 68 75 57 80 79 55 64 32 51 74 46 71 31 51 91 49 23 20 33 47 23 0 2 3 6 4 0 1 3 3 3 25 37 60 71 34 51 33 56 81 41 51 29 48 70 36 23 27 32 43 22 3 10 7 11 7 
1
164 6 9 17 45 183 6 12 26 67 91 53 70 60 56 54 36 61 79 43 65 32 54 95 45 21 24 36 49 25 0 3 6 10 5 0 1 2 3 2 26 38 61 74 35 51 33 56 77 39 55 29 50 76 37 45 25 41 59 28 1 9 9 10 6 
182 1648 7 365 9 95 20 204 50 397 203 2726 10 571 16 791 25 552 58 794 101 2790 49 983 65 1497 62 1556 53 685 60 1118 38 665 63 939 83 1172 48 680 60 725 30 346 51 527 83 846 43 414 27 821 22 482 34 681 50 1047 24 525 2 378 7 459 7 492 11 737 5 263 0 0 2 286 3 211 4 210 3 176 14 992 26 1131 35 1746 40 2152 20 988 42 1218 36 267 59 627 76 1109 38 583 51 610 32 393 53 684 77 873 38 428 39 1400 28 438 41 1051 60 1842 30 869 14 1414 14 483 17 976 24 1522 13 757 
PRAWO
1
25 41 50 35 39 63 66 90 87 76 79 42 71 109 71 81 36 65 114 60 40 27 44 64 29 4 27 32 25 11 22 43 60 56 23 47 50 82 87 35 47 44 77 84 33 20 27 39 43 16 1 8 8 8 3 0 1 2 3 2 0 0 0 2 2 
1
25 50 62 49 42 43 54 85 78 57 62 42 66 89 56 60 34 53 87 50 34 29 44 58 30 8 20 26 26 11 13 38 53 49 21 33 55 91 91 38 39 56 98 100 39 27 44 68 65 26 7 20 21 19 7 0 7 6 3 2 0 5 3 2 0 
1
29 44 66 52 42 53 48 85 88 61 68 37 64 100 58 69 33 55 96 50 39 30 46 66 32 8 16 21 25 10 9 30 36 32 13 31 50 78 79 33 39 51 85 91 36 31 40 64 63 26 6 16 23 19 7 0 14 10 7 2 2 31 18 9 3 
1
47 45 76 74 49 58 37 61 82 47 65 33 51 87 47 58 34 53 89 43 33 30 45 59 26 9 20 26 23 8 7 24 37 30 11 22 49 77 71 30 29 58 94 91 37 28 53 82 77 30 16 38 51 47 19 4 13 14 13 4 0 1 1 0 0 
1
32 53 74 68 49 48 43 69 85 51 60 31 54 91 49 58 27 48 87 45 36 23 39 58 29 10 17 23 26 11 8 26 37 33 13 26 43 71 69 27 39 46 87 90 33 39 46 87 85 32 24 31 55 52 21 6 10 17 15 6 0 2 3 2 0 
1
32 45 72 63 43 46 37 62 72 44 56 30 51 86 46 53 29 47 81 43 34 26 41 57 28 11 21 27 30 12 8 30 38 34 14 25 48 74 70 29 37 49 90 91 34 35 45 85 87 31 26 35 61 61 23 8 16 24 23 8 0 3 3 3 0 
1
31 54 78 60 42 49 51 77 83 49 58 35 57 87 45 52 30 52 81 41 36 31 51 66 31 10 20 27 26 10 7 26 36 27 10 29 51 90 77 30 40 54 100 94 34 35 46 83 79 29 14 29 45 41 15 2 9 11 9 3 0 0 0 0 0 
1
38 42 68 61 46 52 45 72 79 51 62 40 61 89 51 61 31 52 83 45 36 24 43 60 29 10 20 26 29 11 13 30 40 41 15 31 49 75 84 32 40 53 86 104 37 32 45 71 82 30 14 26 37 42 15 2 8 9 10 3 0 0 1 2 0 
1
35 58 80 66 52 48 47 76 83 54 69 35 58 102 51 68 32 56 95 47 46 30 49 65 30 4 21 20 17 8 7 21 27 24 9 32 47 76 75 30 42 48 82 84 33 39 44 75 75 30 19 26 45 42 16 0 5 7 5 2 0 1 3 2 0 
1
33 50 75 63 49 51 47 74 85 52 67 34 54 97 47 57 32 52 86 43 33 31 47 55 27 7 25 29 22 8 12 33 47 38 16 36 52 87 82 33 38 50 82 82 32 35 46 76 73 29 17 27 40 38 15 0 6 7 5 1 0 2 3 2 1 
33 645 48 565 70 900 59 1114 45 427 51 586 48 846 75 967 82 478 54 905 65 664 36 428 59 670 94 785 52 788 62 874 32 266 53 495 90 990 47 556 37 403 28 292 45 357 61 408 29 179 8 247 21 327 26 359 25 367 10 149 11 470 30 659 41 960 36 992 14 453 31 692 49 317 80 703 78 749 32 320 39 447 51 441 88 739 91 698 35 230 32 588 44 665 73 1414 73 1308 28 461 14 790 26 893 39 1667 37 1652 14 651 2 290 9 453 11 629 9 629 3 216 0 63 4 944 4 525 2 250 1 107 
MYSZ
1
13 73 57 27 34 28 111 91 46 54 70 81 81 55 76 110 63 70 51 85 70 52 60 40 61 34 22 23 15 25 106 6 7 11 23 142 3 5 12 25 143 3 6 13 29 109 3 5 9 22 94 2 5 8 23 40 1 3 6 18 5 1 2 4 10 
1
13 65 51 25 29 61 133 116 66 77 122 107 114 79 104 134 73 93 71 107 75 56 66 45 64 50 26 27 18 24 53 6 8 11 20 52 3 6 10 19 62 4 6 9 21 59 4 5 8 21 38 3 4 7 17 9 3 3 4 9 0 1 2 2 3 
1
12 57 46 21 19 32 89 72 39 43 66 69 69 45 61 63 55 58 38 56 41 46 46 29 42 35 31 30 16 25 105 12 11 12 32 170 4 5 12 39 192 4 6 14 41 178 4 4 14 41 145 3 4 11 37 73 1 3 8 26 13 0 1 3 8 
1
9 48 36 18 18 50 88 84 50 56 87 71 88 60 79 77 66 79 51 69 58 43 47 28 41 66 10 12 10 23 137 4 6 11 27 217 4 6 15 36 232 4 6 15 41 156 4 7 12 34 41 3 5 7 18 0 2 2 3 5 0 2 2 2 2 
1
15 36 34 19 21 54 73 75 48 56 86 65 76 52 74 84 50 64 44 71 57 35 43 28 45 36 17 18 12 20 50 6 6 8 18 89 3 4 10 23 141 2 5 11 28 177 3 5 12 31 179 4 5 12 31 155 4 4 9 28 81 3 3 7 21 
1
12 59 49 21 21 31 97 84 47 53 81 78 86 55 74 101 59 75 51 80 45 59 61 35 49 29 20 21 13 20 56 2 5 8 16 154 3 7 13 29 200 4 7 15 34 177 4 5 13 32 128 4 6 11 27 28 4 3 7 13 0 1 1 2 3 
1
10 64 50 23 21 38 65 62 35 40 67 57 64 41 54 58 55 59 35 51 30 46 45 25 34 76 22 22 15 29 148 6 8 14 38 156 4 6 14 39 164 3 7 15 41 169 2 7 15 40 163 2 6 12 34 102 2 5 9 25 22 1 2 4 9 
1
11 70 57 24 20 33 91 79 40 42 70 89 86 51 66 92 70 76 50 74 82 52 56 36 58 91 31 31 19 35 146 11 13 12 32 196 4 7 12 38 190 3 6 12 38 114 2 3 7 23 29 0 0 2 6 0 0 0 0 0 0 0 0 0 0 
1
9 57 43 23 19 44 65 67 42 46 71 61 68 44 60 50 61 61 38 54 59 37 29 18 32 130 13 11 12 32 153 5 7 12 32 188 4 7 15 39 177 4 8 16 37 160 4 5 13 32 136 3 5 11 30 68 3 4 8 22 12 1 1 3 6 
1
16 68 52 23 23 39 76 64 35 42 62 56 62 40 59 46 47 51 32 48 57 34 32 19 32 117 10 7 9 28 162 4 5 9 30 183 4 4 11 33 182 4 5 13 40 179 4 6 16 46 156 3 5 15 42 79 2 4 10 28 4 1 2 3 6 
12 236 60 1112 48 788 22 272 22 508 41 1098 89 2125 79 1593 45 913 51 1111 78 1760 73 1589 79 1546 52 1150 71 1443 82 2835 60 840 69 1245 46 1138 70 1828 57 1581 46 879 48 1227 30 872 46 1192 66 3641 20 777 20 818 14 328 26 491 112 4448 6 308 8 259 11 193 27 724 155 5029 4 52 6 116 12 184 32 751 168 4602 4 71 6 92 13 216 35 690 148 4054 3 84 5 123 12 300 32 848 111 5644 3 116 4 172 10 366 26 1072 55 4988 2 132 3 137 6 317 17 1013 14 2477 1 88 2 84 3 183 7 594 
SZNUR
1
184 5 9 14 31 232 7 14 22 49 218 8 11 21 41 61 60 48 24 25 17 87 74 36 28 23 78 76 50 25 21 80 88 53 21 19 82 86 51 20 13 58 57 33 17 15 41 41 27 19 13 32 37 22 21 3 10 12 7 7 0 1 2 1 1 
1
190 4 8 15 31 220 8 11 22 44 141 18 18 20 39 36 58 46 23 25 15 78 65 34 28 27 82 79 55 29 27 84 93 60 24 20 81 90 52 19 15 66 72 41 16 15 44 54 30 18 13 36 49 28 18 3 14 16 9 6 0 2 3 2 0 
1
132 4 6 12 25 214 7 11 21 43 101 53 40 23 29 24 84 66 28 22 22 89 84 47 25 20 88 84 50 22 16 88 87 49 19 17 85 83 47 16 15 63 66 35 15 18 53 57 31 16 17 40 50 28 16 6 18 24 14 8 0 3 6 2 2 
1
158 4 7 15 32 229 5 10 19 46 96 35 30 18 29 25 63 55 25 21 16 76 72 44 26 22 76 77 54 25 21 76 87 53 24 20 76 93 55 24 18 65 83 46 24 19 62 82 41 29 11 38 40 22 14 3 17 11 8 5 0 4 3 3 2 
1
170 3 6 12 29 197 10 11 16 37 83 38 28 16 27 24 66 56 25 22 22 78 68 38 24 30 77 82 52 24 26 81 94 53 21 21 82 98 57 22 17 72 85 54 22 13 50 56 38 20 12 43 52 29 20 4 19 21 11 8 0 3 3 1 1 
1
181 5 7 14 37 157 14 12 16 36 60 40 34 19 24 18 69 65 32 21 25 76 73 47 24 24 80 86 53 22 18 81 97 55 22 19 79 94 61 25 19 66 77 54 25 15 52 66 34 21 12 40 53 25 17 4 21 25 10 6 1 4 6 3 1 
1
160 4 7 12 29 196 5 8 16 38 107 30 30 19 27 16 55 53 24 16 20 65 64 36 22 26 77 76 47 24 20 86 97 54 21 20 100 122 59 21 20 98 118 61 24 18 72 85 57 24 8 27 31 25 10 0 0 0 0 0 0 0 0 0 0 
1
136 6 6 13 28 203 6 9 20 47 127 37 31 20 41 32 56 54 23 23 25 69 70 44 25 29 76 77 56 25 22 75 92 56 21 23 78 97 67 26 18 56 73 50 25 16 49 65 38 22 13 40 47 27 16 3 17 16 9 6 0 3 3 2 2 
1
146 4 8 15 30 193 6 11 20 37 124 16 19 20 33 33 53 45 23 19 16 69 60 33 19 22 71 74 52 22 18 77 93 57 20 16 87 104 66 24 13 74 88 57 25 14 54 70 38 22 13 46 63 30 20 6 22 25 12 8 1 7 9 3 2 
1
183 4 7 15 34 167 14 15 17 35 54 50 39 18 21 12 73 63 31 21 22 76 73 49 22 22 75 79 53 22 18 78 87 54 23 17 80 91 64 27 15 59 66 42 22 18 52 60 32 23 17 54 66 35 24 6 26 20 10 6 1 8 11 5 2 
164 2094 4 82 7 99 14 134 31 331 201 2467 8 339 11 210 19 247 41 516 111 4684 32 1464 28 936 19 190 31 713 28 1388 64 959 55 761 26 336 22 268 20 377 76 757 70 665 41 601 24 279 24 334 78 457 79 386 52 266 24 221 21 356 81 433 92 401 54 291 22 165 19 210 83 678 96 1099 58 672 22 344 16 245 68 1210 78 1687 47 945 22 398 16 202 53 879 64 1318 37 841 21 360 13 264 40 740 49 1087 27 390 18 395 4 187 16 723 17 785 9 374 6 236 0 48 4 246 5 337 2 140 1 82 
